1   0             245.635  -4474.55
2   -75.9053      233.612  -4474.55
3   -144.38       198.723  -4474.55
4   -198.723      144.38  -4474.55
5   -233.612      75.9053  -4474.55
6   -245.635      0  -4474.55
7   -233.612      -75.9053  -4474.55
8   -198.723      -144.38  -4474.55
9   -144.38       -198.723  -4474.55
10  -75.9053      -233.612  -4474.55
11  -2.84217e-14  -245.635  -4474.55
12  75.9053       -233.612  -4474.55
13  144.38        -198.723  -4474.55
14  198.723       -144.38  -4474.55
15  233.612       -75.9053  -4474.55
16  245.635       -4.26326e-14  -4474.55
17  233.612       75.9053  -4474.55
18  198.723       144.38  -4474.55
19  144.38        198.723  -4474.55
20  75.9053       233.612  -4474.55
21  0             252.318  -4425.98
22  -77.9706      239.969  -4425.98
23  -148.309      204.13  -4425.98
24  -204.13       148.309  -4425.98
25  -239.969      77.9706  -4425.98
26  -252.318      1.42109e-14  -4425.98
27  -239.969      -77.9706  -4425.98
28  -204.13       -148.309  -4425.98
29  -148.309      -204.13  -4425.98
30  -77.9706      -239.969  -4425.98
31  -1.42109e-14  -252.318  -4425.98
32  77.9706       -239.969  -4425.98
33  148.309       -204.13  -4425.98
34  204.13        -148.309  -4425.98
35  239.969       -77.9706  -4425.98
36  252.318       -1.42109e-14  -4425.98
37  239.969       77.9706  -4425.98
38  204.13        148.309  -4425.98
39  148.309       204.13  -4425.98
40  77.9706       239.969  -4425.98
41  0             251.479  -4376.17
42  -77.7113      239.171  -4376.17
43  -147.816      203.451  -4376.17
44  -203.451      147.816  -4376.17
45  -239.171      77.7113  -4376.17
46  -251.479      2.84217e-14  -4376.17
47  -239.171      -77.7113  -4376.17
48  -203.451      -147.816  -4376.17
49  -147.816      -203.451  -4376.17
50  -77.7113      -239.171  -4376.17
51  -5.68434e-14  -251.479  -4376.17
52  77.7113       -239.171  -4376.17
53  147.816       -203.451  -4376.17
54  203.451       -147.816  -4376.17
55  239.171       -77.7113  -4376.17
56  251.479       -8.52651e-14  -4376.17
57  239.171       77.7113  -4376.17
58  203.451       147.816  -4376.17
59  147.816       203.451  -4376.17
60  77.7113       239.171  -4376.17
61  0             239.124  -4331.02
62  -73.8935      227.421  -4331.02
63  -140.554      193.456  -4331.02
64  -193.456      140.554  -4331.02
65  -227.421      73.8935  -4331.02
66  -239.124      2.84217e-14  -4331.02
67  -227.421      -73.8935  -4331.02
68  -193.456      -140.554  -4331.02
69  -140.554      -193.456  -4331.02
70  -73.8935      -227.421  -4331.02
71  -4.26326e-14  -239.124  -4331.02
72  73.8935       -227.421  -4331.02
73  140.554       -193.456  -4331.02
74  193.456       -140.554  -4331.02
75  227.421       -73.8935  -4331.02
76  239.124       -5.68434e-14  -4331.02
77  227.421       73.8935  -4331.02
78  193.456       140.554  -4331.02
79  140.554       193.456  -4331.02
80  73.8935       227.421  -4331.02
81  0             215.523  -4288.25
82  -66.6001      204.974  -4288.25
83  -126.681      174.361  -4288.25
84  -174.361      126.681  -4288.25
85  -204.974      66.6001  -4288.25
86  -215.523      4.9738e-14  -4288.25
87  -204.974      -66.6001  -4288.25
88  -174.361      -126.681  -4288.25
89  -126.681      -174.361  -4288.25
90  -66.6001      -204.974  -4288.25
91  -4.9738e-14   -215.523  -4288.25
92  66.6001       -204.974  -4288.25
93  126.681       -174.361  -4288.25
94  174.361       -126.681  -4288.25
95  204.974       -66.6001  -4288.25
96  215.523       -4.9738e-14  -4288.25
97  204.974       66.6001  -4288.25
98  174.361       126.681  -4288.25
99  126.681       174.361  -4288.25
100 66.6001       204.974  -4288.25
101 0             180.039  -4250.05
102 -55.6352      171.228  -4250.05
103 -105.825      145.655  -4250.05
104 -145.655      105.825  -4250.05
105 -171.228      55.6352  -4250.05
106 -180.039      1.42109e-14  -4250.05
107 -171.228      -55.6352  -4250.05
108 -145.655      -105.825  -4250.05
109 -105.825      -145.655  -4250.05
110 -55.6352      -171.228  -4250.05
111 -4.26326e-14  -180.039  -4250.05
112 55.6352       -171.228  -4250.05
113 105.825       -145.655  -4250.05
114 145.655       -105.825  -4250.05
115 171.228       -55.6352  -4250.05
116 180.039       -4.9738e-14  -4250.05
117 171.228       55.6352  -4250.05
118 145.655       105.825  -4250.05
119 105.825       145.655  -4250.05
120 55.6352       171.228  -4250.05
121 0             134.913  -4221.98
122 -41.6906      128.31  -4221.98
123 -79.3002      109.147  -4221.98
124 -109.147      79.3002  -4221.98
125 -128.31       41.6906  -4221.98
126 -134.913      7.10543e-15  -4221.98
127 -128.31       -41.6906  -4221.98
128 -109.147      -79.3002  -4221.98
129 -79.3002      -109.147  -4221.98
130 -41.6906      -128.31  -4221.98
131 -7.10543e-15  -134.913  -4221.98
132 41.6906       -128.31  -4221.98
133 79.3002       -109.147  -4221.98
134 109.147       -79.3002  -4221.98
135 128.31        -41.6906  -4221.98
136 134.913       -2.84217e-14  -4221.98
137 128.31        41.6906  -4221.98
138 109.147       79.3002  -4221.98
139 79.3002       109.147  -4221.98
140 41.6906       128.31  -4221.98
