1   0             245.635  22.5869
2   -75.9053      233.612  22.5869
3   -144.38       198.723  22.5869
4   -198.723      144.38  22.5869
5   -233.612      75.9053  22.5869
6   -245.635      0  22.5869
7   -233.612      -75.9053  22.5869
8   -198.723      -144.38  22.5869
9   -144.38       -198.723  22.5869
10  -75.9053      -233.612  22.5869
11  -2.84217e-14  -245.635  22.5869
12  75.9053       -233.612  22.5869
13  144.38        -198.723  22.5869
14  198.723       -144.38  22.5869
15  233.612       -75.9053  22.5869
16  245.635       -4.26326e-14  22.5869
17  233.612       75.9053  22.5869
18  198.723       144.38  22.5869
19  144.38        198.723  22.5869
20  75.9053       233.612  22.5869
21  0             252.318  71.1611
22  -77.9706      239.969  71.1611
23  -148.309      204.13  71.1611
24  -204.13       148.309  71.1611
25  -239.969      77.9706  71.1611
26  -252.318      1.42109e-14  71.1611
27  -239.969      -77.9706  71.1611
28  -204.13       -148.309  71.1611
29  -148.309      -204.13  71.1611
30  -77.9706      -239.969  71.1611
31  -1.42109e-14  -252.318  71.1611
32  77.9706       -239.969  71.1611
33  148.309       -204.13  71.1611
34  204.13        -148.309  71.1611
35  239.969       -77.9706  71.1611
36  252.318       -1.42109e-14  71.1611
37  239.969       77.9706  71.1611
38  204.13        148.309  71.1611
39  148.309       204.13  71.1611
40  77.9706       239.969  71.1611
41  0             251.479  120.974
42  -77.7113      239.171  120.974
43  -147.816      203.451  120.974
44  -203.451      147.816  120.974
45  -239.171      77.7113  120.974
46  -251.479      2.84217e-14  120.974
47  -239.171      -77.7113  120.974
48  -203.451      -147.816  120.974
49  -147.816      -203.451  120.974
50  -77.7113      -239.171  120.974
51  -5.68434e-14  -251.479  120.974
52  77.7113       -239.171  120.974
53  147.816       -203.451  120.974
54  203.451       -147.816  120.974
55  239.171       -77.7113  120.974
56  251.479       -8.52651e-14  120.974
57  239.171       77.7113  120.974
58  203.451       147.816  120.974
59  147.816       203.451  120.974
60  77.7113       239.171  120.974
61  0             239.124  166.117
62  -73.8935      227.421  166.117
63  -140.554      193.456  166.117
64  -193.456      140.554  166.117
65  -227.421      73.8935  166.117
66  -239.124      2.84217e-14  166.117
67  -227.421      -73.8935  166.117
68  -193.456      -140.554  166.117
69  -140.554      -193.456  166.117
70  -73.8935      -227.421  166.117
71  -4.26326e-14  -239.124  166.117
72  73.8935       -227.421  166.117
73  140.554       -193.456  166.117
74  193.456       -140.554  166.117
75  227.421       -73.8935  166.117
76  239.124       -5.68434e-14  166.117
77  227.421       73.8935  166.117
78  193.456       140.554  166.117
79  140.554       193.456  166.117
80  73.8935       227.421  166.117
81  0             215.523  208.892
82  -66.6001      204.974  208.892
83  -126.681      174.361  208.892
84  -174.361      126.681  208.892
85  -204.974      66.6001  208.892
86  -215.523      4.9738e-14  208.892
87  -204.974      -66.6001  208.892
88  -174.361      -126.681  208.892
89  -126.681      -174.361  208.892
90  -66.6001      -204.974  208.892
91  -4.9738e-14   -215.523  208.892
92  66.6001       -204.974  208.892
93  126.681       -174.361  208.892
94  174.361       -126.681  208.892
95  204.974       -66.6001  208.892
96  215.523       -4.9738e-14  208.892
97  204.974       66.6001  208.892
98  174.361       126.681  208.892
99  126.681       174.361  208.892
100 66.6001       204.974  208.892
